64.0000000
56.0000000
77.0000000
87.0000000
89.8000000
53.0000000
55.0000000
53.0000000
64.0000000
68.0000000
105.0000000
80.0000000
56.0000000
99.0000000
60.0000000
66.0000000
102.0000000
78.0000000
82.0000000
70.0000000
80.0000000
87.0000000
60.0000000
82.0000000
68.0000000
50.0000000
65.0000000
52.0000000
76.0000000
70.0000000
83.0000000
68.0000000
76.0000000
90.0000000
62.0000000
65.0000000
49.0000000
48.0000000
67.0000000
88.0000000
75.0000000
60.0000000
64.0000000
62.0000000
80.0000000
65.0000000
72.0000000
72.0000000
60.0000000
50.0000000
54.5000000
44.0000000
52.0000000
55.0000000
55.0000000
62.0000000
70.0000000
65.0000000
67.0000000
55.0000000
49.0000000
58.0000000
62.0000000
55.0000000
57.0000000
69.0000000
90.0000000
95.0000000
112.0000000
60.0000000
80.0000000
50.0000000
60.0000000
65.0000000
85.0000000
45.0000000
45.0000000
80.0000000
90.0000000
60.0000000
58.0000000
91.0000000
85.5000000
45.0000000
83.0000000
58.5000000
83.0000000
87.0000000
65.0000000
78.0000000
93.0000000
64.0000000
84.0000000
57.0000000
48.0000000
70.0000000
60.0000000
42.0000000
42.0000000
70.0000000
63.0000000
66.4000000
57.0000000
58.0000000
80.0000000
55.0000000
55.0000000
90.0000000
95.0000000
88.0000000
75.0000000
58.0000000
51.0000000
49.0000000
62.0000000
57.0000000
86.0000000
85.0000000
53.0000000
76.0000000
75.0000000
95.0000000
50.0000000
67.0000000
90.0000000
80.0000000
68.0000000
61.0000000
70.0000000
78.0000000
53.0000000
58.0000000
56.0000000
66.0000000
109.0000000
75.0000000
72.0000000
80.0000000
75.0000000
68.0000000
65.0000000
66.0000000
93.5000000
75.0000000
67.0000000
70.0000000
51.0000000
80.0000000
61.0000000
90.0000000
78.0000000
59.0000000
60.0000000
84.0000000
94.0000000
63.0000000
45.0000000
60.0000000
62.0000000
78.0000000
72.0000000
80.0000000
60.0000000
75.0000000
85.0000000
130.0000000
72.0000000
80.0000000
79.0000000
77.0000000
82.0000000
58.0000000
59.0000000
64.0000000
70.0000000
59.8000000
48.0000000
84.0000000
84.0000000
70.0000000
48.0000000
67.0000000
52.0000000
60.0000000
70.0000000
68.0000000
96.0000000
98.0000000
105.0000000
62.0000000
56.0000000
80.0000000
85.0000000
68.0000000
83.0000000
85.0000000
74.0000000
118.0000000
40.0000000
60.0000000
83.0000000
80.0000000
102.0000000
90.0000000
71.0000000
78.0000000
100.0000000
73.0000000
65.0000000
65.0000000
114.0000000
51.0000000
63.0000000
62.0000000
53.0000000
70.0000000
63.0000000
75.0000000
42.3000000
68.0000000
78.0000000
82.0000000
66.5000000
63.0000000
82.0000000
121.0000000
50.0000000
58.0000000
80.0000000
120.0000000
91.0000000
66.0000000
50.0000000
77.0000000
49.0000000
70.0000000
59.0000000
53.0000000
53.0000000
64.0000000
65.0000000
66.0000000
64.0000000
99.0000000
49.0000000
49.0000000
60.0000000
52.0000000
72.0000000
78.0000000
75.0000000
78.0000000
90.0000000
47.0000000
56.0000000
81.0000000
85.0000000
115.0000000
80.0000000
91.0000000
75.0000000
73.0000000
70.0000000
53.0000000
67.0000000
50.0000000
50.0000000
78.0000000
60.0000000
66.0000000
107.0000000
50.0000000
60.0000000
71.0000000
61.0000000
50.0000000
50.0000000
67.0000000
57.0000000
52.0000000
62.0000000
55.0000000
55.0000000
60.0000000
70.0000000
105.0000000
61.0000000
58.0000000
51.0000000
79.0000000
71.0000000
58.0000000
65.0000000
75.0000000
110.0000000
58.0000000
53.0000000
80.0000000
80.0000000
75.0000000
70.0000000
55.0000000
45.0000000
49.0000000
85.0000000
120.0000000
60.0000000
48.0000000
75.0000000
58.0000000
57.0000000
62.0000000
57.0000000
56.0000000
63.0000000
72.0000000
75.0000000
70.0000000
45.0000000
63.0000000
67.0000000
75.0000000
56.0000000
72.0000000
71.0000000
58.0000000
55.3000000
76.0000000
74.0000000
82.0000000
50.0000000
56.0000000
75.0000000
56.0000000
53.0000000
50.0000000
65.0000000
64.4000000
65.0000000
42.0000000
72.0000000
50.0000000
105.0000000
66.0000000
173.0000000
55.0000000
47.0000000
97.0000000
80.0000000
125.0000000
70.0000000
60.0000000
53.0000000
51.0000000
59.0000000
62.0000000
60.0000000
56.0000000
110.0000000
48.0000000
75.0000000
80.0000000
73.0000000
80.0000000
86.0000000
68.0000000
83.0000000
63.0000000
83.0000000
74.0000000
60.0000000
69.0000000
58.0000000
56.0000000
70.0000000
92.0000000
60.0000000
68.0000000
70.0000000
70.0000000
83.0000000
75.0000000
56.0000000
98.0000000
60.0000000
45.0000000
53.0000000
75.0000000
108.0000000
65.0000000
50.0000000
50.0000000
69.5000000
78.0000000
55.0000000
39.0000000
59.0000000
60.0000000
125.0000000
60.0000000
70.0000000
82.0000000
99.0000000
112.0000000
73.0000000
86.0000000
66.5000000
59.0000000
79.0000000
55.0000000
66.0000000
65.0000000
85.0000000
85.0000000
113.0000000
72.0000000
88.0000000
87.0000000
90.0000000
89.0000000
60.0000000
60.0000000
58.0000000
93.0000000
76.0000000
53.8000000
70.0000000
60.0000000
69.0000000
80.0000000
85.0000000
55.0000000
70.0000000
59.0000000
87.0000000
80.0000000
55.0000000
56.0000000
64.0000000
60.0000000
56.0000000
50.0000000
65.0000000
53.0000000
60.0000000
45.0000000
82.0000000
87.0000000
100.5000000
63.0000000
71.0000000
65.0000000
69.0000000
50.0000000
68.0000000
66.0000000
60.0000000
45.0000000
60.0000000
79.0000000
55.0000000
100.0000000
88.0000000
68.0000000
86.0000000
51.0000000
75.0000000
75.0000000
45.0000000
42.0000000
51.5000000
83.0000000
71.0000000
51.0000000
64.0000000
68.0000000
75.0000000
56.0000000
65.0000000
50.0000000
50.0000000
64.0000000
53.5000000
58.0000000
80.0000000
73.0000000
75.0000000
104.0000000
84.0000000
50.0000000
84.0000000
68.0000000
86.0000000
65.0000000
66.0000000
60.0000000
53.0000000
45.0000000
104.5727120
126.6737800
110.7926300
137.7968840
165.0572690
133.0344100
111.4855160
104.8267760
133.9633490
54.9275290
55.6950360
55.8792630
51.1542010
49.8697910
51.9655210
44.8456550
42.8480330
43.9198350
43.0875080
44.5811590
45.0000000
45.0000000
42.3397670
42.0960620
41.3245580
42.0000000
44.6417960
42.0000000
42.0000000
42.0000000
50.8903630
50.8330290
50.0000000
64.1061080
63.6111090
58.8544160
52.0000000
51.5985930
52.0000000
41.4523850
41.8902040
41.3973780
49.7429310
49.6609950
49.0397940
50.2879670
53.6995610
51.4422930
49.8389650
50.0000000
49.9321990
49.5160270
46.6556220
49.8396850
51.5888740
50.0000000
52.6293740
51.4572260
50.8697040
52.3311720
58.9433470
57.7903810
57.1459170
43.3650050
44.4118010
47.1247170
59.6825910
58.9689940
55.7004970
54.9877400
55.0104500
54.1664530
49.6496130
49.6038070
49.5977650
50.0000000
49.6760460
50.0000000
42.3676150
42.0000000
42.0000000
59.4090180
59.2951720
59.2583720
50.0000000
49.9452330
51.0739180
50.0000000
50.0000000
50.0000000
39.8501370
39.3715230
40.3434630
56.3070190
60.0000000
58.6213490
60.0000000
58.3251220
59.6127170
50.9253800
51.1217490
51.1492830
44.1887670
45.0000000
45.0000000
42.0000000
42.0000000
42.0000000
51.7325000
54.1219250
50.1577070
54.9973740
49.9809680
44.0502510
44.3766370
45.0000000
41.5574680
41.9652500
49.8155990
63.1997260
51.2560590
40.2027730
49.0262140
53.6572700
50.0000000
50.0000000
50.0000000
51.5525950
58.8307100
43.5345310
56.0294180
55.9676550
50.0000000
50.0000000
42.0062820
59.8950520
50.0799910
50.6318890
39.6952950
60.0000000
59.9908610
52.5143020
44.6614610
42.0000000
52.0583350
54.9823400
55.6952530
56.2659590
51.4379850
49.8039210
51.8812630
44.2360670
42.9939370
44.0094500
42.3601000
44.5945880
44.9182550
45.0000000
42.1261700
42.0699920
41.7062830
42.0000000
44.8107510
41.9528050
42.0000000
42.0000000
51.1079250
50.4790390
50.0000000
61.4111410
61.2647850
58.5851460
52.0000000
51.7107230
51.6922720
41.6693460
41.9343680
41.5350470
49.8042450
49.1050250
49.1259550
50.1734250
54.5673430
51.6070910
49.8957160
50.0000000
49.7139440
49.5583040
46.0629540
50.4246610
51.2164630
50.0000000
52.0943200
51.5244440
51.1328090
52.0865700
58.9135790
58.1951500
57.2759460
42.6565630
44.7620230
45.2486270
59.8813160
59.6050280
55.5110750
54.8355760
55.0034170
54.8771110
49.6508970
49.9284470
49.6996720
50.0884680
49.9829700
50.0000000
42.5417940
42.0000000
42.0000000
59.3135250
59.6194850
59.2094500
50.0000000
50.1657540
51.4919570
50.0000000
50.2790530
50.0000000
41.2201750
39.1018050
41.2685970
55.3707000
60.0000000
58.6739630
59.9330150
58.4430490
59.2435060
50.6644590
51.3146590
50.9514440
44.3162540
44.7539430
45.0000000
42.0000000
42.0000000
42.0000000
52.2898280
53.7839770
50.2486770
86.9637650
70.0000000
85.6377890
75.5771000
68.8697910
88.9655210
82.9195840
86.4133880
75.0000000
80.0000000
75.0000000
74.8031570
68.1269550
68.2265110
62.9039380
62.3377210
78.1757060
70.0000000
70.0000000
70.0000000
68.8036940
79.1096370
85.8330290
85.0000000
75.0000000
67.7222220
75.9514720
89.6525570
66.4014070
77.9292040
80.2738070
75.0000000
71.6026220
82.2287940
75.0000000
85.0795890
64.8080220
72.7489030
75.4807640
54.9324200
65.0000000
62.3390030
73.1935890
88.6755030
63.3206290
69.5296250
67.1831280
70.0000000
60.6283210
65.0000000
87.6688280
73.6416330
80.0000000
88.1387770
79.5449980
68.3921330
76.6997740
64.2593790
87.2867830
86.9812020
70.0000000
70.0000000
83.2631200
75.0000000
68.6533470
68.7718500
86.5227990
86.7482950
75.6293100
89.2516390
89.5588540
75.0000000
75.9481640
79.8287250
75.3067020
74.8127070
74.9597470
67.9396530
68.0660900
70.0000000
63.1838460
62.8717940
63.0116450
78.5544400
78.8803600
70.0000000
70.0000000
70.0000000
70.0000000
70.0000000
69.9067080
71.9273790
79.4146030
80.0000000
85.0000000
85.0738010
85.0000000
85.2556310
75.0571770
68.0164720
68.1078660
77.9569210
77.9655320
87.1058280
90.5244600
66.6216460
78.3700390
78.3000840
80.0918860
75.0000000
75.0000000
74.2440040
82.0450450
80.0185710
75.0000000
85.0000000
65.3639410
73.5759810
69.1689780
75.3837160
55.5234810
55.3765120
65.0000000
63.5976330
62.8773470
73.9169200
86.0985230
87.0832660
62.2115720
67.9135610
67.4395890
65.0000000
68.8188930
69.9756070
61.1040300
60.2674270
65.0000000
87.8578500
75.9205190
80.0000000
80.0000000
85.1962790
86.1449040
78.7216960
79.9897890
69.3899000
75.0000000
57.2591240
87.0323980
87.1073170
70.0000000
70.0000000
85.7700130
75.3991910
75.0522000
68.9814030
88.6336160
86.9348460
80.9143820
85.3161250
85.2281160
75.0000000
80.0000000
75.3712440
75.0000000
74.8852220
68.0589020
68.9081360
68.8650080
69.4634580
62.3414380
62.8550730
62.4172280
78.9970620
78.4293120
70.0000000
70.0000000
70.0000000
70.0000000
69.2423540
71.8133800
79.4695130
85.0843640
85.3021460
75.0000000
67.7739140
67.9997780
75.1428580
75.6884330
89.4291990
67.1403670
66.1269640
77.9791700
78.6646180
80.1134930
75.0000000
75.0000000
71.1700010
82.3290470
82.6946890
75.0000000
85.3010290
65.4239420
72.9061860
75.0935690
75.8281190
53.6206040
55.8221190
65.0629450
65.1273240
73.5012330
89.7543020
62.6313820
69.5753150
66.7387690
67.1935850
70.0000000
61.6160000
63.8561930
65.0000000
65.0000000
87.0702340
74.1474430
73.8107280
80.0000000
89.4969050
87.6560290
79.3492210
68.2502490
75.8168640
75.9707120
64.7269480
89.2828200
89.0682270
80.0000000
80.5558750
101.4820540
82.5231130
82.2079780
80.0000000
80.0000000
65.5227440
85.6877510
91.6302570
65.2202490
61.3738680
87.8033110
69.7433230
67.9040230
89.9944150
89.8687840
80.0000000
80.4583430
84.6875540
83.9529680
78.0559680
91.0595950
80.7614090
78.0000000
83.1990340
77.2726520
96.1926620
93.0864190
85.3126390
90.0000000
80.7496570
83.5680350
78.5747860
80.4913390
85.0000000
80.0000000
80.0000000
79.1653060
80.5390000
65.0318790
64.8486270
63.6523300
64.8141090
81.3229700
81.6507780
78.9679190
80.0000000
77.4264650
77.1332200
99.0000000
96.0185100
71.7280690
72.1058560
78.0000000
82.1307280
85.0000000
85.0505580
81.3842240
77.5616020
95.2773920
83.0169680
84.7538300
83.0000000
74.4333620
72.4678620
92.6955100
82.0119620
78.7909360
78.0735280
93.7980550
99.6237780
82.8537490
84.3156080
86.9636280
88.4319540
97.9203500
88.0374800
86.3198870
68.8509700
80.3860780
77.2056850
82.4802140
86.9453800
79.6683200
89.8024920
80.0000000
101.5445890
82.5868930
80.0000000
65.9126880
90.1386800
67.0831210
87.2798900
65.1404080
89.9816800
80.0372020
85.7437270
80.0000000
88.0960620
83.3377210
78.0000000
83.4140720
77.8585320
95.8870560
90.0000000
78.0000000
84.4165150
78.0000000
80.9932130
84.7222220
80.3795750
77.2245740
81.9299100
60.1179930
64.3424590
81.6699500
79.2788960
77.0989730
97.0292490
75.0904390
78.0000000
88.6008780
84.0648750
79.6779300
78.6373070
96.9452620
83.0016420
80.9933730
73.9392680
92.3683590
83.5201130
79.7529160
97.5882600
86.5651480
84.7733490
86.0805000
92.8602540
88.5320320
71.7999820
79.4379210
84.5577970
85.7207880
89.6674060
89.6736480
80.0000000
80.0058090
99.8124430
83.3909830
83.3141570
80.0000000
80.0000000
65.2931790
83.2822320
91.7981030
64.6962480
62.8942830
87.8614310
70.4427750
67.4732820
89.9987290
89.8366920
80.4735870
80.9397330
84.8493490
83.9867140
78.0083880
91.0522150
80.4204340
78.0413380
83.2857530
77.4732040
95.9520270
91.3632930
85.1371130
89.9092590
81.1085990
84.4514230
78.4344920
80.4003060
85.0000000
80.0000000
79.8635460
79.8492520
80.3112730
63.8920710
63.7152190
62.2699120
64.8529530
81.0221190
82.3384640
78.1560350
79.0797380
77.3921790
79.6972780
98.2594230
97.4164170
71.7881810
72.7136110
78.0482070
84.7291970
85.0000000
85.0028840
80.7908130
77.4316780
95.4196680
83.0140330
84.7837560
83.3258000
73.5138730
72.9518000
91.4957180
82.0855490
79.6214630
78.0256250
93.6142460
99.0834780
82.2763500
83.9868950
86.3721410
87.9060190
98.9122610
89.3935890
85.2613390
69.9360730
80.1351670
77.3554170
82.5272400
86.4648430
80.4139970
105.0000000
105.7122190
102.8725050
101.7800990
78.2333410
80.3512630
81.8272880
81.9363980
82.0000000
82.6039840
97.9118650
88.4723590
87.2725520
84.3404060
77.2681300
95.0000000
97.8130230
87.3441560
82.1368200
107.9988150
77.7451800
90.5000550
80.0000000
90.0000000
94.1891670
98.4473110
95.3617950
98.6999710
100.8476300
82.0403180
82.5329940
83.1511500
80.0000000
79.5895800
90.0000000
78.0000000
102.9106130
96.9402550
80.6153250
105.6550370
114.7748400
90.0326710
93.3488430
105.1380730
106.4914100
103.1895320
106.0384680
108.9606000
108.7420050
82.0000000
82.0000000
105.0007890
118.5605090
116.8931050
80.0000000
75.4106470
97.1854740
76.1297840
76.1261120
108.3950050
108.2443790
108.7515020
86.2426790
91.2670870
89.9916710
84.4931560
96.3667770
99.2046950
82.2498310
104.7419140
105.0258080
106.0421420
100.6245530
100.0662680
78.0303830
79.7134920
86.6398610
81.9787430
82.4144770
82.0000000
94.7905790
95.0000000
89.1392090
90.0000000
82.6280000
84.4979800
79.6616930
80.0000000
95.3242820
95.2690890
88.1265440
87.6761540
85.5834850
85.8038090
108.6027150
108.7218930
77.3547440
79.4936260
93.6383180
93.4292050
80.0000000
80.0000000
90.0000000
89.9938120
95.5644280
94.0941840
90.5759340
98.0217660
97.4497430
97.8293440
102.2659550
105.2543540
82.9547960
83.1011000
82.9679370
82.4703750
81.0568510
80.0000000
90.0000000
90.0000000
78.0000000
79.1090290
99.8602540
99.4306120
82.0000000
82.0000000
112.8752830
118.1837970
90.6718710
92.9492540
106.5288110
106.0485160
105.0421940
105.0002760
109.2076140
109.1955290
82.0000000
82.3239540
105.0007060
105.0000970
121.6579790
120.7029350
80.0000000
80.0000000
98.2966510
99.5446960
75.1503450
76.6429440
108.4131190
108.2045470
109.4116220
109.5994530
90.0040460
91.4996830
89.7385960
89.0481510
84.2105350
84.8977380
97.9715980
99.5309710
82.4030760
82.4595770
105.2575430
103.7054180
105.1319560
105.4793130
105.4361730
105.8001580
105.1993600
103.7713710
103.5863420
96.3038550
77.6477160
78.4359040
80.7261950
81.7182320
81.9188090
80.9864960
81.9194540
80.0865240
82.0000000
82.2831850
82.6361620
82.4101890
97.9598990
98.4411300
88.1294370
88.0269430
86.0027360
85.5683850
84.1911250
84.1347120
77.5503450
76.2027610
95.0000000
94.7438920
96.0784620
97.8424060
88.1191390
88.0791770
82.1444050
82.0183100
106.4523670
107.5596300
77.6014830
77.6842290
91.2047530
91.0680540
80.0000000
80.0000000
90.0000000
89.9943510
94.2565470
94.4543940
100.4316250
98.7901670
95.2858980
95.2904290
98.5791560
98.1824980
101.2857650
99.1992870
83.7853120
82.0126370
82.5285750
82.3684410
82.5957930
82.4637600
80.0000000
80.0000000
79.7609220
79.8432210
90.0000000
90.0000000
78.0895750
80.5356980
102.9509290
103.6058960
96.8755020
96.7380140
78.9971660
80.5530670
105.6860910
105.6191430
115.6275540
111.2351880
90.0195010
90.9242080
93.8906820
92.5081220
105.0556860
105.0286650
106.3295690
105.9668940
104.9700300
102.9212180
106.3206860
105.4969750
108.8293950
108.8009640
108.8973240
108.9345740
82.0000000
82.8513180
81.2815780
82.5829540
105.0005760
105.6963580
117.4685160
112.9329840
118.2031300
115.3979200
80.0000000
80.0000000
77.0330490
76.0825170
96.5688140
97.3503660
76.6594900
75.2796050
77.0539480
77.0010300
108.0192110
108.0443130
108.3164620
108.2510440
108.1561900
107.1081900
89.9388900
85.6074660
93.3102840
90.7449650
89.4249470
89.9950340
83.1218110
82.4126650
96.7107350
95.0321770
98.5727530
99.8737160
82.1934050
82.0390000
104.4068200
104.1873140
112.2898830
115.1276620
107.9474700
102.8107040
128.8281220
122.1379170
118.1543450
120.1519670
116.1603290
112.7250050
120.8603860
121.2530830
120.0000000
128.8674440
112.2561650
117.2982330
116.5943510
101.6343130
121.4147440
122.0249540
98.4907660
106.5099470
112.0105040
112.0890220
101.6261890
98.6617600
129.8525310
124.2692510
118.1028970
119.4346450
116.1603290
116.1026150
120.8603860
120.9960740
121.2046680
118.3633760
117.3847450
119.0875570
108.3081120
103.6691160
121.7864850
122.3334250
99.9617310
103.1755160
113.9019800
112.2876780
115.4282760
114.3300230
110.7147110
109.8893340
103.8416720
103.0344000
128.8566770
129.9356660
120.6441780
120.5495920
120.2025960
118.2776570
118.2065650
120.3997580
114.1331490
115.5316220
112.4385080
112.9579220
120.8983970
119.0503810
121.2778320
120.5894190
120.0829410
118.3823610
126.4609360
125.0642640
113.2071240
114.0976560
117.5745700
118.4241560
118.5332460
117.2918800
103.7061810
102.6862390
121.1425350
118.7400350
121.8296200
120.0211610
100.9413570
100.0044180
104.5782550
104.5487940
112.0003810
112.1007400
99.9825410
97.5829590
129.9916230
129.2322160
118.0738100
119.0291030
113.7145210
116.1577660
120.9805080
120.9884540
120.0000000
118.5487330
121.2369150
120.4315510
109.9087790
115.8069770
122.1196820
122.6099110
100.6182390
99.6055270
112.4711180
112.3953090
115.0253610
114.9060950
109.3490250
107.0254150
103.0176230
102.8159830
129.6791310
129.8748640
121.0942570
123.7213520
118.3326890
118.1650820
118.2995850
120.0988120
115.0893160
115.8281670
112.5363670
112.7407970
120.8158000
120.4204060
121.2449690
120.9015910
119.1171220
118.5655680
129.1573460
127.5074110
112.2008120
113.2343490
117.3989760
117.7087050
117.6510460
116.9745040
102.8728020
100.1768660
121.6587290
121.6843110
121.8358830
121.4211210
98.5430200
99.5922250
104.3037110
104.2700620
112.1737310
112.0071010
113.0897160
112.2260320
102.0220570
100.5439830
99.5401220
99.7093290
129.3494710
129.9664280
124.0707170
123.1722140
119.2053080
118.2377820
117.8972000
118.6683320
116.3119620
116.6699060
115.3825190
116.1643510
120.9754890
120.8057150
120.9982660
120.9965810
120.7516560
120.7945350
119.3730190
118.8059370
117.3687160
117.3265230
119.4412070
119.1929220
108.0126030
106.4210420
102.5231110
103.0677660
121.5609380
121.7378360
122.0626100
121.4582320
100.7834340
100.2094050
103.3933540
100.6422570
113.5015490
113.2158140
112.3232130
112.2775670
115.3471760
114.5346780
114.1870960
114.1443780
111.6354630
111.9504130
109.7587360
111.1696780
103.7435340
103.2503550
102.0045540
102.5921710
127.1613810
129.0131780
129.1944900
129.2327080
120.6009400
120.1580490
120.6135610
120.3444020
119.6227640
119.9566510
117.6317070
117.7570100
118.1141840
117.8615900
120.6991190
119.4846140
114.1639210
114.2542780
115.1081300
115.4584500
112.3487220
112.4091910
113.1546400
113.2355380
121.0650520
120.8722940
120.4235670
119.8414460
121.2845330
121.5273690
120.9215350
120.9197030
120.0093920
120.2097110
118.2656900
118.3706280
125.0778630
125.9739270
124.9527800
126.4184130
113.0696670
112.8351950
114.0679360
114.0048320
117.9332900
117.8493510
118.3329660
118.3776010
118.4017400
119.2014650
117.7922680
118.1348980
101.0382630
103.1809180
103.2760870
102.7848640
121.0417200
121.2480350
119.0818040
118.4361660
121.3102570
121.4710770
120.7754390
120.3376640
100.2453020
100.0783670
101.1412770
102.5838950
105.5804910
101.0679880
104.3214630
102.5951800
102.0932230
105.0555970
137.8597370
149.9358480
111.9330100
105.4482640
104.9548340
109.9004720
121.2051710
133.7647300
109.9597140
110.5453780
131.5292670
114.4654250
127.9028440
152.0943620
133.8001290
114.5115370
111.9466550
111.8681690
104.7587130
107.4826620
130.9271380
132.5270110
102.0033780
103.0268580
142.1024680
152.7205450
111.9930540
111.2089630
104.5857830
104.7549580
124.7047810
129.7691410
110.6763430
110.8246980
135.5248570
133.5737870
138.7306190
155.8720930
133.6655870
133.8524320
111.8866110
111.8183450
104.8085420
104.9286430
133.3650940
133.9526750
102.3874500
102.7819710
104.8993480
104.9889250
137.0449590
137.7677870
141.1662650
151.9758640
111.9425440
111.6005530
105.0374630
105.4235320
104.8390680
104.8211750
110.9221700
110.2173400
124.8058680
121.8643260
133.7839550
131.8667340
110.0086360
110.9704790
111.2673340
109.9801450
132.1455490
132.9048840
114.4806960
113.2773880
128.2614020
129.3637710
144.3022610
149.2911060
132.5792700
133.9460800
112.7766120
112.8796620
111.8299570
111.8689900
111.5394940
111.9143610
105.0319080
105.0360750
106.8759270
108.2659220
133.4667630
131.2748510
132.9406600
133.4854780
102.0001220
102.1346460
154.6184460
160.9353510
111.9990960
111.9561100
104.5923720
104.8468170
127.6423240
125.4185480
110.8174600
110.8043370
136.5166480
137.8526180
152.3947390
160.6394050
133.5546860
133.8430330
111.5886250
111.5710760
104.8462180
104.9205700
133.8886290
133.9378730
102.0839640
102.1749530
104.9867920
104.9880820
138.0345260
137.8582540
151.4172920
152.5676710
111.9396710
111.9191550
105.1221090
105.4286280
104.7741440
104.9667580
109.9312330
109.9100120
121.6391780
120.7482130
133.7358890
133.8860310
109.9826920
110.4008470
110.7773910
110.0749460
131.9025910
131.8775580
114.4704820
113.9050600
128.1141610
128.7638430
152.4356300
152.2171350
133.2813330
133.9365350
113.3728510
113.4512240
111.9270010
111.9331520
111.8564920
111.8942290
104.7905490
104.7910350
107.0122560
106.6905300
131.7680700
131.0422740
132.8071000
133.1665950
102.2334450
102.2777650
102.8745490
102.3057670
141.9178020
140.2920180
152.3719110
151.2785320
111.9499720
111.9501130
111.2161920
111.0368810
104.7596430
104.5939290
104.7047070
104.7683180
126.4902360
125.1176330
130.9863380
130.8711270
111.0049200
110.6409290
110.8187570
110.8031170
134.8426560
135.3466770
133.8788430
133.6625830
137.7850270
135.6933810
153.9599450
155.2426720
133.6447110
133.9036120
133.6187060
133.9034690
111.8837470
111.9307000
111.8309240
111.8417060
104.8100240
104.8819940
104.9363810
105.0139010
133.4524900
133.4786110
133.7470120
133.6766630
102.3631490
102.3204370
102.6869080
102.5556910
104.9458200
104.8549280
105.3139670
104.9994030
138.2028690
138.1431620
137.8324140
137.7929900
141.7994290
142.5451830
153.1494910
152.4736750
111.9463210
111.9455880
111.7202380
111.6826930
104.9477030
105.0365220
105.4073130
105.3596880
104.8353460
104.8384250
104.8072840
104.7721640
110.9305090
110.6217230
110.1058900
110.0740190
127.4274580
126.0883010
121.8898030
122.8130330
133.8705010
133.2590330
131.5674810
131.9297120
109.9967420
109.9784020
111.1578110
110.9196460
111.2756460
111.5312080
109.9842630
110.1681660
132.1164910
132.0547930
132.2625580
133.1076100
114.4794590
114.4823860
113.7741980
112.9825490
128.7057610
126.7981730
128.1481080
129.4665410
147.2961860
142.5591610
150.5164800
150.3775700
133.7799190
133.0171050
133.8450640
133.9550910
113.0771870
112.5554560
112.2496990
112.0986160
111.8218170
111.8631860
111.8781320
111.9399830
111.5559670
111.3570620
111.9224910
111.8845350
104.9507760
104.8796020
105.0372030
104.9542910
108.0900060
107.3787020
107.2189490
108.1073600
133.0335230
133.0439410
131.3357860
131.4085280
133.7429430
133.6893520
133.3466410
133.4726410
